 <pre>

 Contingency table for Cloud cover (octas)
 Selection: NorthNorway     25 stations
Period: 19920901-19920930
Used {00,03,...,21} + 00 03
 Limits   0.500000000       1.50000000       2.50000000       3.50000000       4.50000000       5.50000000       6.50000000       7.50000000    
 Each class is data <= limit, the very last > last limit
 Total number of values        6240
                                                       OBSERVATION
                                     83      206      109       65       55       47       46       43       15 |       669
                                      5       46       33       44       10       23       35       43       26 |       265
                                      3       34       23       31        8       14       26       30       10 |       179
                                      9       25       13       23       20        9       27       37       16 |       179
                           CTL        8       10       18       19       23       15       26       44       13 |       176
                                      2       12       13       18       13       22       30       27       19 |       156
                                      1       26       19       27       20       16       37       51       20 |       217
                                      1       38       31       58       29       37       50       91       63 |       398
                                     18       71       85      126      146      220      400     1002     1933 |      4001

                    SUM             130      468      344      411      324      403      677     1368     2115 |      6240
                                                       OBSERVATION
                                     79      207      107       65       54       47       47       46       21 |       673
                                      9       40       41       51       22       13       20       37       13 |       246
                                      3       51       16       31        8       25       36       44       13 |       227
                                      6       10       15       21       18       18       30       26       11 |       155
                           DEV        8       15       16       24       12       17       31       25       18 |       166
                                      3       19       17       24       12       19       18       43       18 |       173
                                      2       17       17       30       22       18       42       47       34 |       229
                                      2       39       31       43       41       45       53       81       67 |       402
                                     18       70       84      122      135      201      400     1019     1920 |      3969

                    SUM             130      468      344      411      324      403      677     1368     2115 |      6240

