 <pre>

 Contingency table for Cloud cover (octas)
 Selection: METCOOP    163 stations
Period: 19911023-19911102
Used {00,03,...,21} + 00 03
 Limits   0.500000000       1.50000000       2.50000000       3.50000000       4.50000000       5.50000000       6.50000000       7.50000000    
 Each class is data <= limit, the very last > last limit
 Total number of values       15099
                                                       OBSERVATION
                                    325      268      122       61       40       53       53       70      119 |      1111
                                     58       81       44       51       21       25       29       41       68 |       418
                                     27       55       39       27       23       28       24       43       69 |       335
                                     20       38       25       36       21       21       15       34       48 |       258
                      no-drift       27       40       34       21       21       20       30       44       59 |       296
                                     25       37       37       18       20       25       46       46       77 |       331
                                     26       38       24       32       18       41       47       75      102 |       403
                                     43       69       50       56       47       56      105      126      224 |       776
                                    148      190      163      169      252      327      758     2061     7103 |     11171

                    SUM             699      816      538      471      463      596     1107     2540     7869 |     15099
                                                       OBSERVATION
                                    325      268      124       63       42       49       55       71      126 |      1123
                                     60       74       42       47       19       27       29       44       79 |       421
                                     22       57       40       35       24       28       33       37       67 |       343
                                     26       42       25       25       21       15       23       39       57 |       273
                         Drift       23       42       31       23       13       19       29       34       58 |       272
                                     22       44       37       16       22       25       31       52       63 |       312
                                     38       34       24       32       21       46       53       77      106 |       431
                                     38       69       53       55       47       59      103      113      218 |       755
                                    145      186      162      175      254      328      751     2073     7095 |     11169

                    SUM             699      816      538      471      463      596     1107     2540     7869 |     15099

