 <pre>

 Contingency table for Rh2m (%)
 Selection: ALL   1135 stations
Period: 19920924-19920930
Used {00,03,...,21} + 00 03
 Limits    30.0000000       50.0000000       65.0000000       75.0000000       85.0000000       95.0000000       100.000000    
 Each class is data <= limit, the very last > last limit
 Total number of values       72246
                                              OBSERVATION
                                     22       90       29        9        2        0        0        0 |       152
                                     90     1535     1403      529      222      125       17        0 |      3921
                                     57      911     3356     2332     1540      729      224        0 |      9149
                           CTL       21      136     1723     2995     2896     1960      460        0 |     10191
                                      4       63      667     2130     4781     5247     1489        0 |     14381
                                      0       27      223      887     3330    10403     5641        0 |     20511
                                      0        8       28      141      668     4610     7596        0 |     13051
                                      0        0        2        0       32      123      733        0 |       890

                    SUM             194     2770     7431     9023    13471    23197    16160        0 |     72246
                                              OBSERVATION
                                     22       86       29        9        2        0        0        0 |       148
                                     89     1535     1402      520      232      126       18        0 |      3922
                                     58      920     3369     2326     1519      713      233        0 |      9138
                           DEV       18      127     1696     3004     2982     2003      442        0 |     10272
                                      7       71      700     2127     4753     5279     1491        0 |     14428
                                      0       27      207      899     3294    10402     5647        0 |     20476
                                      0        4       27      138      657     4555     7577        0 |     12958
                                      0        0        1        0       32      119      752        0 |       904

                    SUM             194     2770     7431     9023    13471    23197    16160        0 |     72246

