 <pre>

 Contingency table for Cloud cover (octas)
 Selection: ALL   1088 stations
Period: 19920901-19920930
Used {00,03,...,21} + 00 03
 Limits   0.500000000       1.50000000       2.50000000       3.50000000       4.50000000       5.50000000       6.50000000       7.50000000    
 Each class is data <= limit, the very last > last limit
 Total number of values      265247
                                                       OBSERVATION
                                  11418     5941     3898     3092     1177     1331     2197     1500     2340 |     32894
                                   1874     1223     1268     1149      557      678     1137     1030     1414 |     10330
                                   1099      714      890      816      390      555      886      822     1141 |      7313
                                    863      608      732      654      367      533      841      843     1195 |      6636
                           CTL      831      466      704      675      458      487      966      957     1216 |      6760
                                    858      552      720      730      443      606     1023     1108     1527 |      7567
                                   1103      688      877      877      527      776     1420     1604     1994 |      9866
                                   1601      968     1485     1557      900     1320     2592     3079     3993 |     17495
                                   4959     2681     5071     5551     3725     6464    15799    31136    91000 |    166386

                    SUM           24606    13841    15645    15101     8544    12750    26861    42079   105820 |    265247
                                                       OBSERVATION
                                  11411     5894     3878     3104     1182     1303     2158     1504     2331 |     32765
                                   1873     1261     1350     1152      564      700     1105     1064     1432 |     10501
                                   1136      729      861      771      405      581      913      847     1147 |      7390
                                    842      604      786      682      389      578      882      807     1152 |      6722
                           DEV      804      483      687      721      397      478      959      931     1239 |      6699
                                    872      548      725      759      412      557     1015     1091     1551 |      7530
                                   1103      690      936      898      536      767     1436     1587     2005 |      9958
                                   1641     1010     1420     1527      911     1357     2535     3048     4090 |     17539
                                   4924     2622     5002     5487     3748     6429    15858    31200    90873 |    166143

                    SUM           24606    13841    15645    15101     8544    12750    26861    42079   105820 |    265247

