 <pre>

 Contingency table for Cloud cover (octas)
 Selection: ALL   1024 stations
Period: 19920924-19920930
Used {00,03,...,21} + 00 03
 Limits   0.500000000       1.50000000       2.50000000       3.50000000       4.50000000       5.50000000       6.50000000       7.50000000    
 Each class is data <= limit, the very last > last limit
 Total number of values       59564
                                                       OBSERVATION
                                   3483     1308      785      584      223      261      520      333      685 |      8182
                                    493      241      208      204      114      126      232      251      409 |      2278
                                    240      134      157      149       53      110      163      232      289 |      1527
                                    247      127      119      123       73       89      143      198      332 |      1451
                           CTL      215       86      139      121       83       90      184      215      335 |      1468
                                    212      106      146      132       78      110      219      234      439 |      1676
                                    274      140      171      156       90      135      285      358      528 |      2137
                                    369      186      302      320      186      246      468      634     1010 |      3721
                                   1161      498      815     1037      682     1209     2702     6433    22587 |     37124

                    SUM            6694     2826     2842     2826     1582     2376     4916     8888    26614 |     59564
                                                       OBSERVATION
                                   3481     1305      779      591      224      244      504      335      677 |      8140
                                    502      207      211      188      116      146      229      254      421 |      2274
                                    254      152      150      144       56      110      168      230      304 |      1568
                                    222      125      134      124       69       88      153      207      327 |      1449
                           DEV      199       96      134      125       74       94      179      224      350 |      1475
                                    216      106      129      144       76       91      184      242      416 |      1604
                                    270      146      178      168       96      137      294      343      524 |      2156
                                    370      207      304      309      189      260      442      612     1045 |      3738
                                   1180      482      823     1033      682     1206     2763     6441    22550 |     37160

                    SUM            6694     2826     2842     2826     1582     2376     4916     8888    26614 |     59564

