 <pre>

 Contingency table for Cloud cover (octas)
 Selection: CoastNorway     25 stations
Period: 19920901-19920930
Used {00,03,...,21} + 00 03
 Limits   0.500000000       1.50000000       2.50000000       3.50000000       4.50000000       5.50000000       6.50000000       7.50000000    
 Each class is data <= limit, the very last > last limit
 Total number of values        5240
                                                       OBSERVATION
                                     90      215      120       62       33       48       53       36        6 |       663
                                     11       36       29       41       15       10       18       18       22 |       200
                                      3       22       21       20       15       17       15       20       12 |       145
                                      4       22       17       19       16       11       16       26        8 |       139
                           CTL        6       11       31       18       15       19       19       27       13 |       159
                                      0        8       13       12       12       19       28       30       25 |       147
                                      2       19       14       15       20       21       36       42       32 |       201
                                      2       28       23       38       30       23       55       91       58 |       348
                                     16       34       69      122      177      164      323      804     1529 |      3238

                    SUM             134      395      337      347      333      332      563     1094     1705 |      5240
                                                       OBSERVATION
                                     86      212      116       72       34       49       49       34        7 |       659
                                     13       43       33       33       25        5       17       18       12 |       199
                                      1       28       24       30        9       14       17       20       14 |       157
                                      5       11       25       12       20       24       23       21       15 |       156
                           DEV        6       15       24       16       13       13       18       21       11 |       137
                                      1       15       15       14        7       20       21       22       18 |       133
                                      2       11       11       27       22       18       38       52       35 |       216
                                      3       25       24       37       37       33       72       84       64 |       379
                                     17       35       65      106      166      156      308      822     1529 |      3204

                    SUM             134      395      337      347      333      332      563     1094     1705 |      5240

