 <pre>

 Contingency table for Cloud cover (octas)
 Selection: ALL   1038 stations
Period: 19911023-19911102
Used {00,03,...,21} + 00 03
 Limits   0.500000000       1.50000000       2.50000000       3.50000000       4.50000000       5.50000000       6.50000000       7.50000000    
 Each class is data <= limit, the very last > last limit
 Total number of values       95627
                                                       OBSERVATION
                                   7524     1591     1451      971      316      416      730      576     1513 |     15088
                                    768      317      397      311      146      204      328      353      719 |      3543
                                    439      203      285      208       88      166      282      312      550 |      2533
                                    373      126      227      181       83      114      215      267      579 |      2165
                      no-drift      270      126      204      180       95      118      233      306      631 |      2163
                                    278      136      223      173      104      118      299      295      766 |      2392
                                    344      164      193      212       86      193      397      446      963 |      2998
                                    496      204      350      333      202      298      687      792     1905 |      5267
                                   1546      746     1162     1309      929     1616     4108     9650    38412 |     59478

                    SUM           12038     3613     4492     3878     2049     3243     7279    12997    46038 |     95627
                                                       OBSERVATION
                                   7527     1579     1444      980      311      404      707      562     1505 |     15019
                                    758      335      390      294      129      208      336      372      740 |      3562
                                    411      199      271      204       97      144      283      295      569 |      2473
                                    370      125      213      183       84      132      253      296      565 |      2221
                         Drift      264      131      215      163       95      114      207      265      670 |      2124
                                    313      141      207      173       98      127      283      324      738 |      2404
                                    334      167      207      226       98      196      403      443      925 |      2999
                                    507      217      360      350      194      284      654      783     1960 |      5309
                                   1554      719     1185     1305      943     1634     4153     9657    38366 |     59516

                    SUM           12038     3613     4492     3878     2049     3243     7279    12997    46038 |     95627

