 <pre>

 Contingency table for Cloud cover (octas)
 Selection: METCOOP    152 stations
Period: 19920924-19920930
Used {00,03,...,21} + 00 03
 Limits   0.500000000       1.50000000       2.50000000       3.50000000       4.50000000       5.50000000       6.50000000       7.50000000    
 Each class is data <= limit, the very last > last limit
 Total number of values        8985
                                                       OBSERVATION
                                    148      238       88       89       36       45       50       31       35 |       760
                                     39       58       46       28       24       30       29       52       40 |       346
                                     11       26       22       13        6       24       25       29       37 |       193
                                     20       35       11       14       18       18       24       27       35 |       202
                           CTL        8       20       21       21       19       16       24       38       36 |       203
                                      8       12       17       16       13       24       25       37       52 |       204
                                     13       29       24       22       16       25       30       72       60 |       291
                                     20       50       49       41       35       49       65       96      136 |       541
                                     85      106      126      140      186      289      478     1275     3560 |      6245

                    SUM             352      574      404      384      353      520      750     1657     3991 |      8985
                                                       OBSERVATION
                                    144      245       93       93       32       37       43       33       29 |       749
                                     39       53       42       21       24       36       28       46       37 |       326
                                     13       27       18       11       12       22       26       34       41 |       204
                                      9       26       18       13       16       23       17       32       38 |       192
                           DEV       11       24       15       20       16       19       15       29       41 |       190
                                     11       13       18       20       20       20       17       48       43 |       210
                                     18       20       26       28       18       26       41       63       71 |       311
                                     28       59       47       32       39       52       61      102      167 |       587
                                     79      107      127      146      176      285      502     1270     3524 |      6216

                    SUM             352      574      404      384      353      520      750     1657     3991 |      8985

