 <pre>

 Contingency table for Cloud cover (octas)
 Selection: METCOOP    163 stations
Period: 19920901-19920930
Used {00,03,...,21} + 00 03
 Limits   0.500000000       1.50000000       2.50000000       3.50000000       4.50000000       5.50000000       6.50000000       7.50000000    
 Each class is data <= limit, the very last > last limit
 Total number of values       40014
                                                       OBSERVATION
                                    744     1228      563      404      223      173      196      189       97 |      3817
                                    120      253      167      168      117      127      124      161      102 |      1339
                                     71      146      127      124       60       98      101      132       81 |       940
                                     62      137      116      104       81       79      113      135       97 |       924
                           CTL       42       90      102      104      103       89      124      167      111 |       932
                                     43       94       96      102       79      116      121      175      134 |       960
                                     59      147      141      146      120      145      176      288      179 |      1401
                                     90      228      204      230      214      248      349      513      382 |      2458
                                    426      578      735      938      983     1337     2637     5760    13849 |     27243

                    SUM            1657     2901     2251     2320     1980     2412     3941     7520    15032 |     40014
                                                       OBSERVATION
                                    735     1220      561      411      220      165      191      190       94 |      3787
                                    134      269      196      174      118      119      110      179       82 |      1381
                                     61      161      112      105       69       98      117      133       82 |       938
                                     50      103      111      100       99      105      113      117      101 |       899
                           DEV       41      104      109      116       82       92      106      135      126 |       911
                                     48      108      127      118       78      103      130      191      136 |      1039
                                     76      122      145      155      107      136      182      284      204 |      1411
                                     94      227      187      220      225      250      353      509      394 |      2459
                                    418      587      703      921      982     1344     2639     5782    13813 |     27189

                    SUM            1657     2901     2251     2320     1980     2412     3941     7520    15032 |     40014

