 <pre>

 Contingency table for Rh2m (%)
 Selection: ALL   1196 stations
Period: 19920901-19920930
Used {00,03,...,21} + 00 03
 Limits    30.0000000       50.0000000       65.0000000       75.0000000       85.0000000       95.0000000       100.000000    
 Each class is data <= limit, the very last > last limit
 Total number of values      321716
                                              OBSERVATION
                                    192      524      172       48       20        4        0        0 |       960
                                    479     6372     4829     1648      850      487       99        0 |     14764
                                    223     4714    14683     8831     5547     3088      928        0 |     38014
                           CTL       82     1159     9614    13942    12690     7992     1966        0 |     47445
                                     41      506     4305    11999    21740    22171     6572        0 |     67334
                                      7      274     1404     5144    18421    47146    25601        0 |     97997
                                      0       71      192      677     3256    19291    29088        0 |     52575
                                      0        2        6        7       73      447     2092        0 |      2627

                    SUM            1024    13622    35205    42296    62597   100626    66346        0 |    321716
                                              OBSERVATION
                                    194      516      172       47       21        4        0        0 |       954
                                    474     6380     4834     1644      874      493       95        0 |     14794
                                    235     4717    14673     8820     5521     3092      948        0 |     38006
                           DEV       73     1139     9580    13892    12683     7956     1949        0 |     47272
                                     41      533     4341    12119    21860    22298     6531        0 |     67723
                                      7      271     1406     5104    18326    47153    25604        0 |     97871
                                      0       64      196      663     3242    19192    29138        0 |     52495
                                      0        2        3        7       70      438     2081        0 |      2601

                    SUM            1024    13622    35205    42296    62597   100626    66346        0 |    321716

